4  1  1  1
2  4
24  3  20  50
30
1  1 5 0                           26                                    
1 2 27 0                           30          
1 3 27 1  5,7                      40
1 4 21 3  3,27  7,26  8,24        110 
1 5 25 0                           50
1 6 26 2  6,17  25,17             116
1 7 25 1  16,20                    82
1 8 25 0                           70
1 9 25 0                           77
1 10 25 0                          42
1 11 23 0                          60
1 12 25 1  9,24                   135
4 13 37 3  5,9  9,13  27,19       116
5 14 17 3  9,26  17,29  32,25     137
10 15 73 0                        120
10 16 36 0                         88
11 17 131 0                       190
12 18 124 0                       180
13 19 37 0                        100
14 20 45 0                        115
15 21 88 0                        151
16 22 13 0                         85
17 23 10  0                        90
18 24 183 0                       255
19 25 91  2   4,26  9,28          221
20 26 18 0                        100
21 27 128 0                       108
22 28 21 0                        99
23 29 29 0                        118
24 30 19 3   6,29   17,24  29,19  175
5  31
6  32
7  33
8  34
9  35
11  42
12  43
13  44
13  45
13  46
15 20
15 21
15 22
36 31
46 32
56 33