1   3   1   3
5   3             
28   2   10  10  
30  
1    1    10    1  2,3                    23   
1    2    15    2  3,2  5,3               20
1    3    10    1  2,3                    23  
1    4    10    3  3,1  5,3  6,1          20
5    5    25    0                         23
6    6    26    1  2,3                    23
7    7    27    0                         35
8    8    28    2  3,5  5,3               20
9    9    29    0                         31
10   10   10    0                         31
10   11   18    2  3,5  5,3               20
11   12   19    0                         31
12   13   10    0                         31
13   14   10    0                         31
14   15   10    0                         31
15   16   18    2  3,5  5,3               20
16   17   19    0                         31
17   18   10    0                         31
18   19   18    0                         13
19   20   19    0                         31
20   21   10    0                         31
20   22    1    4  3,1  5,3  6,1  7,3     31
20   23    2    4  2,5  4,6  7,1  8,2     39
30   24   17    3  3,1  5,3  6,1          52
37   25   15    2  7,2  3,10              64
42   26   60    2  2,11 7,8              121
45   27   10    0                        55
50   28   70    1  6,4                   124
55   29   66    1  66,1                  125
56   30   40    0                         96
1   3
1   4
5   16
7   8
21  21
21  22
21  23
23  17
23  18
23  1