1  1   1  1
3  4
5  6  3  5
30
1  1 25 0                         26                                    
2  2 27 0                         30          
8  3 27 1  5,7                   40
10 4 21 3  3,27  7,26  8,24    110 
15 5 33 0                         50
16 6 53 2  6,17  25,17          116
17 7 29 1  16,20                 82
17 8 40 0                         70
17 9 50 0                         77
18 10 6 0                         42
19 11 23 0                        60
20 12 66 1  9,24                 135
21 13 37 3  5,9  9,13  27,19    116
21 14 17 3  9,26  17,29  32,25  137
27 15 73 0                        120
27 16 36 0                        88
27 17 131 0                       190
28 18 124 0                       180
28 19 37 0                        100
28 20 45 0                        115
30 21 88 0                        151
30 22 13 0                        85
31 23 10  0                       90
31 24 183 0                       255
31 25 91  2   4,26  9,28         221
31 26 18 0                        100
32 27 128 0                       108
33 28 21 0                        99
34 29 29 0                        118
35 30 19 3   6,29   17,24  29,19  173
2 4
2 16  
2 45
2 50
3 10
3 9
3 9
3 10
4 20
7 18 
9 18
10 15
15 20 
20 40 
33 46
37 167
40 50
60 65
70 87
80 93
100 41