1 2 0 1
3  4
26  3  1  3
30
1  1 10 0                         26                                    
1 2 30 0                         30          
1 3 600 0                   40
1 4 20 0               110 
1 5 50 0                         50
1 6 20 0          116
1 7 90 0                82
1 8 800 0                         70
1 9 9000 0                         77
1 10 100 0                         42
1 11 110 0                        60
1 12 120 0                  135
4 13 130 0      116
5 14 140 0   137
10 15 150 0                        120
10 16 160 0                        88
11 17 170 0                       190
12 18 180 0                       180
13 19 190 0                        100
14 20 200 0                      115
15 21 210 0                        151
16 22 220 0                        85
17 23 230  0                       90
18 24 240 0                       255
19 25 250  0            221
20 26 260 0                        100
21 27 270 0                       108
22 28 280 0                        99
23 29 290 0                        118
24 30 300 0     173
15 20
15 21
15 22
36 31
46 32
56 33