TT	PID	AT	CT	IO_D	WT	RT	TRT	DL
14	5	5	10	0	-1	0	9	23
15	4	4	10	0	1	2	11	23
23	6	6	10	0	7	8	17	23
24	1	1	5	4	18	0	23	23
24	8	8	10	0	6	1	16	13
32	17	22	11	0	-1	0	10	0
32	16	22	11	0	-1	0	10	0
39	2	2	15	4	22	1	37	20
41	18	23	10	0	8	9	18	0
41	13	13	15	13	13	2	28	31
43	9	9	15	13	19	0	34	31
55	3	3	10	13	42	0	52	23
56	12	12	15	13	29	13	44	31
58	20	50	9	0	-1	0	8	0
58	19	50	9	0	-1	0	8	0
65	21	51	8	0	6	7	14	0
81	23	81	1	0	-1	0	0	0
81	22	81	1	0	-1	0	0	0
81	7	7	20	13	54	0	74	35
84	25	82	3	0	-1	0	2	0
84	24	82	3	0	-1	0	2	0
84	10	10	15	13	59	1	74	31
85	27	84	2	0	-1	0	1	0
85	26	83	2	0	0	1	2	0
85	29	85	1	0	-1	0	0	0
85	28	85	1	0	-1	0	0	0
88	31	86	3	0	-1	0	2	0
88	30	86	3	0	-1	0	2	0
88	14	14	10	11	64	2	74	24
94	11	11	15	13	68	4	83	31
97	15	15	10	10	72	9	82	26
------------------------------------------------------------------------------------------


early deadlines %: 6 %
Processes: 31
Avg WT = 15	Avg RT = 1	Avg TRT = 23
Migration %:	RTF=16.129 %	MaxW = 29.0323 %
Work Steal%: 0.193548%
Forked Process: 51.6129%
Killed Process: 0%


Processors: 4 [1 FCFS, 1 SJF, 1 RR, 1 EDF]
Processor Load
P1=11.6689%,	P2=6.51289%,	P3=6.3772%,	P4=4.47761%	
Processor Utiliz
P1=88.6598%,	P2=54.5455%,	P3=54.6512%,	P4=80.4878%	
Avg utilization = 69.5861%
