5  2   2  1
3  3 
5  30 10 5
37
1  1  10  1  2,4                              14
1  2  15  4  3,5 4,7 12,15  14,12             50
1  3  20  2  15,5 18,20                       50
1  4  25  0                                   29
1  5  30  0                                   35
2  6  35  1 2,4                               35
2  7  40  4 3,5 4,7 12,15  14,12              86
2  8  5   1 2,4                               20
2  9  10  0                                   12
2  10  15 4 3,5 4,7 12,15  14,12              56
2  11  20 0                                   30                               
3  12  25 4 3,5 4,7 12,15  14,12              67
3  13  30 1 15,20                             53
4  14  35 4 3,5 4,7 12,15  14,12              80
4  15  40 1 15,20                             60
5  16  45 2 15,5  20,1                        56
6  17  50 4 3,5 4,7 12,15  14,12              100
7  18   5 1 5,20                              30
8  19  10 2 15,5  20,1                        24
9  20  15 4 3,5 4,7 12,15  14,12              63
10 21  20 2 15,5  20,1                        36
11 22  25 0                                   36
12 23  30 4 3,5 4,7 12,15  14,12              80
13 24  35 0                                   40
20 25  45 0                                   65
25 26  50 4 3,5 4,7 12,15  14,12              114
30 27  55 0                                   85
31 28  60 4 3,5 4,7 12,15  14,12              130
32 29   5 0                                   40
33 30  10 2 15,5  20,1                        50
34 31  15 4 3,5 4,7 12,15  14,12              88
40 32  20 0                                   60
41 33  25 1  15,20                            80
42 34  30 4 3,5 4,7 12,15  14,12              120
44 35  40 1  15,20                            104
45 36  45 4 3,5 4,7 12,15  14,12              129
46 37  50 1  15,20                            116
2 4
2 16  
2 45
2 50
3 10
3 9
3 9
3 10
4 20
7 18 
9 18
10 15
15 20 
20 40 
33 46
37 167
40 50
60 65
70 87
80 93
100 41