6   0   0   0
5   3             
4   2   15  10   
33  
1   1    7  1  1,4   23   
2   2    15  1  3,4     20
3   3    10  3   2,5  3,4  2,4    23 
4   4    10  0   23
5   5    10  0   23
6   6    10  0   23
7   7    20   2    4,6  5,7    35
8   8    10  0     13
9   9    15   2    4,6  5,7    31
10   10    15   2    4,6  5,7    31
11   11    15   2    4,6  5,7    31 
12   12    15   2    4,6  5,7    31
13   13    15   2    4,6  5,7    31
14   14   10   3   1,2  4,5  3,4   24
15   15   10  3   1,2  5,5  2,3   26
16   16    15   2    4,6  5,7    31
17   17    15   2    4,6  5,7    31 
18   18    15   2    4,6  5,7    31
19   19    15   2    4,6  5,7    31
20   20   10   3   1,2  4,5  3,4   24
21   21   10  3   1,2  5,5  2,3   26
22   22    15   2    4,6  5,7    31
23   23    15   2    4,6  5,7    31 
24   24    15   2    4,6  5,7    31
25   25    15   2    4,6  5,7    31
26   26   10   3   1,2  4,5  3,4   24
27   27   10  3   1,2  5,5  2,3   26
28   28    15   2    4,6  5,7    31
29   29    15   2    4,6  5,7    31 
30   30    15   2    4,6  5,7    31
31   31    15   2    4,6  5,7    31
32   32   10   3   1,2  4,5  3,4   24
33   33   10  3   1,2  5,5  2,3   26
4  3
5   4
5   16
7   8
10  7
20  16
21  15
23  17
23  18
23   1
28   24    
28   25   
29   26   
29   27   
29   28    
33   29    
37   30    
39   31    
43   32   