3   3   1  
3              
4   50   100  10   
30       
1   1   200   3   1,20  45,50  32,34    
1   2    56   2    4,6  5,7
2   3    134  0   
3   4    56   2    4,6  5,7
3   5    56   2    4,6  5,7
3   6    56   2    4,6  5,7
4   7    56   2    4,6  5,7
4   8    56   2    4,6  5,7
5   9   200   3   1,20  45,50  32,34 
6   10   200  3   1,20  45,50  32,34 
6   11    56   2    4,6  5,7
6   12    56   2    4,6  5,7
7   13    56   2    4,6  5,7
8   14    56   2    4,6  5,7
8   15    56   2    4,6  5,7
9   16   200   3   1,20  45,50  32,34 
9   17   200  3   1,20  45,50  32,34 
9   18   200   3   1,20  45,50  32,34 
9   19   200  3   1,20  45,50  32,34 
9   20    56   2    4,6  5,7
10   21    56   2    4,6  5,7
10   22    56   2    4,6  5,7
11   23    56   2    4,6  5,7
11   24    56   2    4,6  5,7
15   25   200   3   1,20  45,50  32,34 
15   26   200  3   1,20  45,50  32,34 
15   27  200   3   1,20  45,50  32,34 
15   28   200  3   1,20  45,50  32,34 
15   29    56   2    4,6  5,7
15   30    56   2    4,6  5,7
2  34  