1   1  1   1
5   3             
4   2   1  20   
15  
1   1    5  1  2,4   23   
2   2    15  1  3,4     20
3   3    10  3   2,5  3,4  2,4    23 
4   4    10  0     23
5   5    10  0     23
6   6    10  0     23
7   7    20   2    4,6  5,7    35
8   8    10  0     13
9   9    15   2    4,6  5,7    31
10   10    15   2    4,6  5,7    31 
11   11    15   2    4,6  5,7    31 
12   12    15   2    4,6  5,7    31
13   13    15   2    4,6  5,7    31
14   14   10   3   1,2  4,5  3,4   24
15   15   10  3   1,2  5,5  2,3   26
2  2
2  3
2   4
10  7
15  20
  